0
0
3
1
0
180
183
0
0
0
1
1
0
186
187
0
0
1
1
1
0
188
189
0
1
0
3
1
0
180
183
0
1
0
1
1
0
186
187
0
1
1
1
1
0
188
189
0
2
0
3
1
0
180
183
0
2
0
1
1
0
186
187
0
2
1
1
1
0
188
189
0
3
0
3
1
0
180
183
0
3
0
1
1
0
186
187
0
3
1
1
1
0
188
189
0
4
0
3
1
0
180
183
0
4
0
1
1
0
186
187
0
4
1
1
1
0
188
189
0
5
0
8
2
0
108
116
0
5
0
1
1
0
132
133
0
5
1
3
1
0
134
137
0
5
1
1
1
0
140
141
0
5
2
1
1
0
142
143
0
6
0
8
2
0
108
116
0
6
0
1
1
0
132
133
0
6
1
3
1
0
134
137
0
6
1
1
1
0
140
141
0
6
2
1
1
0
142
143
0
7
0
8
2
0
108
116
0
7
0
1
1
0
132
133
0
7
1
3
1
0
134
137
0
7
1
1
1
0
140
141
0
7
2
1
1
0
142
143
0
8
0
8
2
0
108
116
0
8
0
1
1
0
132
133
0
8
1
3
1
0
134
137
0
8
1
1
1
0
140
141
0
8
2
1
1
0
142
143
0
9
0
8
2
0
108
116
0
9
0
1
1
0
132
133
0
9
1
3
1
0
134
137
0
9
1
1
1
0
140
141
0
9
2
1
1
0
142
143
0
10
0
8
2
0
144
152
0
10
0
1
1
0
168
169
0
10
1
3
1
0
170
173
0
10
1
1
1
0
176
177
0
10
2
1
1
0
178
179
0
11
0
3
1
0
180
183
0
11
0
1
1
0
186
187
0
11
1
1
1
0
188
189
0
12
0
3
1
0
180
183
0
12
0
1
1
0
186
187
0
12
1
1
1
0
188
189
0
13
0
3
1
0
180
183
0
13
0
1
1
0
186
187
0
13
1
1
1
0
188
189
0
14
0
3
1
0
180
183
0
14
0
1
1
0
186
187
0
14
1
1
1
0
188
189
0
15
0
3
1
0
180
183
0
15
0
1
1
0
186
187
0
15
1
1
1
0
188
189
0
16
0
8
2
0
108
116
0
16
0
1
1
0
132
133
0
16
1
3
1
0
134
137
0
16
1
1
1
0
140
141
0
16
2
1
1
0
142
143
0
17
0
8
2
0
108
116
0
17
0
1
1
0
132
133
0
17
1
3
1
0
134
137
0
17
1
1
1
0
140
141
0
17
2
1
1
0
142
143
0
18
0
8
2
0
108
116
0
18
0
1
1
0
132
133
0
18
1
3
1
0
134
137
0
18
1
1
1
0
140
141
0
18
2
1
1
0
142
143
0
19
0
8
2
0
108
116
0
19
0
1
1
0
132
133
0
19
1
3
1
0
134
137
0
19
1
1
1
0
140
141
0
19
2
1
1
0
142
143
0
20
0
8
2
0
108
116
0
20
0
1
1
0
132
133
0
20
1
3
1
0
134
137
0
20
1
1
1
0
140
141
0
20
2
1
1
0
142
143
0
21
0
8
2
0
144
152
0
21
0
1
1
0
168
169
0
21
1
3
1
0
170
173
0
21
1
1
1
0
176
177
0
21
2
1
1
0
178
179
0
