  0.0000000000000000e+00
  0.0000000000000000e+00
  5.0791929587912357e-02
  0.0000000000000000e+00
  0.0000000000000000e+00
  0.0000000000000000e+00
  0.0000000000000000e+00
  0.0000000000000000e+00
  0.0000000000000000e+00
  6.4117284432492516e-01
  0.0000000000000000e+00
  0.0000000000000000e+00
  0.0000000000000000e+00
  0.0000000000000000e+00
  5.0791929587912357e-02
  6.4117284432492527e-01
  0.0000000000000000e+00
  0.0000000000000000e+00
  0.0000000000000000e+00
  3.0483411264088922e-01
  3.0483411264088922e-01
  0.0000000000000000e+00
  0.0000000000000000e+00
  0.0000000000000000e+00
  0.0000000000000000e+00
  0.0000000000000000e+00
  0.0000000000000000e+00
 -0.0000000000000000e+00
  0.0000000000000000e+00
  0.0000000000000000e+00
  0.0000000000000000e+00
  0.0000000000000000e+00
  0.0000000000000000e+00
  0.0000000000000000e+00
  0.0000000000000000e+00
  0.0000000000000000e+00
  0.0000000000000000e+00
  3.0483411264088922e-01
  0.0000000000000000e+00
  0.0000000000000000e+00
  0.0000000000000000e+00
  0.0000000000000000e+00
  0.0000000000000000e+00
  0.0000000000000000e+00
  3.0483411264088922e-01
 -0.0000000000000000e+00
  0.0000000000000000e+00
  0.0000000000000000e+00
  0.0000000000000000e+00
  0.0000000000000000e+00
  0.0000000000000000e+00
  0.0000000000000000e+00
  5.0791929587912357e-02
  0.0000000000000000e+00
  3.1124251961290603e-03
 -3.1124251961290603e-03
  0.0000000000000000e+00
  0.0000000000000000e+00
  0.0000000000000000e+00
  6.4117284432492516e-01
  0.0000000000000000e+00
  2.8941820558040587e-01
 -2.8941820558040587e-01
  0.0000000000000000e+00
  0.0000000000000000e+00
  0.0000000000000000e+00
  0.0000000000000000e+00
  0.0000000000000000e+00
  0.0000000000000000e+00
 -0.0000000000000000e+00
  5.0791929587912357e-02
  6.4117284432492527e-01
  0.0000000000000000e+00
  0.0000000000000000e+00
  0.0000000000000000e+00
  4.9943525149483881e-01
  4.9943525149483881e-01
  0.0000000000000000e+00
  0.0000000000000000e+00
  0.0000000000000000e+00
  0.0000000000000000e+00
  0.0000000000000000e+00
  1.5089942999639153e-01
 -1.5089942999639153e-01
  3.1124251961290655e-03
  2.8941820558040598e-01
  0.0000000000000000e+00
  4.9943525149483875e-01
  1.5089942999639155e-01
  1.4305226762957526e+00
 -2.7755575615628914e-17
 -3.1124251961290655e-03
 -2.8941820558040598e-01
 -0.0000000000000000e+00
  4.9943525149483875e-01
 -1.5089942999639155e-01
  2.7755575615628914e-17
 -1.4305226762957526e+00
  0.0000000000000000e+00
  0.0000000000000000e+00
  0.0000000000000000e+00
  0.0000000000000000e+00
  5.0791929587912357e-02
  2.4134657729560837e-03
  2.4134657729560837e-03
  0.0000000000000000e+00
  0.0000000000000000e+00
  0.0000000000000000e+00
  0.0000000000000000e+00
  6.4117284432492516e-01
  2.2442336416868988e-01
  2.2442336416868988e-01
  0.0000000000000000e+00
  0.0000000000000000e+00
  0.0000000000000000e+00
  0.0000000000000000e+00
  0.0000000000000000e+00
  0.0000000000000000e+00
  0.0000000000000000e+00
  0.0000000000000000e+00
  0.0000000000000000e+00
  0.0000000000000000e+00
  0.0000000000000000e+00
  0.0000000000000000e+00
  1.5089942999639153e-01
 -1.5089942999639153e-01
  5.0791929587912357e-02
  6.4117284432492527e-01
  0.0000000000000000e+00
  0.0000000000000000e+00
  0.0000000000000000e+00
  4.2184595598023111e-01
  4.2184595598023111e-01
  2.4134657729560915e-03
  2.2442336416868996e-01
  0.0000000000000000e+00
  1.5089942999639155e-01
  4.2184595598023106e-01
  1.1092692351196918e+00
  2.7918181563534994e-01
  2.4134657729560915e-03
  2.2442336416868996e-01
  0.0000000000000000e+00
 -1.5089942999639155e-01
  4.2184595598023106e-01
  2.7918181563534994e-01
  1.1092692351196918e+00
