  0.0000000000000000e+00
  0.0000000000000000e+00
  0.0000000000000000e+00
  0.0000000000000000e+00
  0.0000000000000000e+00
  0.0000000000000000e+00
  0.0000000000000000e+00
  0.0000000000000000e+00
  0.0000000000000000e+00
  0.0000000000000000e+00
  0.0000000000000000e+00
  0.0000000000000000e+00
  0.0000000000000000e+00
  0.0000000000000000e+00
  0.0000000000000000e+00
  0.0000000000000000e+00
  0.0000000000000000e+00
  0.0000000000000000e+00
  0.0000000000000000e+00
  0.0000000000000000e+00
  0.0000000000000000e+00
  3.8965151133685554e+00
  2.4727803333122411e+00
  0.0000000000000000e+00
  0.0000000000000000e+00
 -3.8965151133685554e+00
  2.4727803333122411e+00
  0.0000000000000000e+00
  0.0000000000000000e+00
  4.0757688643664238e+00
 -2.2375377766957598e+00
  0.0000000000000000e+00
  0.0000000000000000e+00
 -4.0757688643664238e+00
 -2.2375377766957598e+00
  0.0000000000000000e+00
  0.0000000000000000e+00
  0.0000000000000000e+00
 -4.6772119980317459e+00
  0.0000000000000000e+00
  0.0000000000000000e+00
  2.1645244284209393e+00
  1.3625019844420325e+00
  0.0000000000000000e+00
  0.0000000000000000e+00
 -2.1645244284209393e+00
  1.3625019844420325e+00
  0.0000000000000000e+00
  0.0000000000000000e+00
  2.2632059266457270e+00
 -1.2731746305338418e+00
  0.0000000000000000e+00
  0.0000000000000000e+00
 -2.2632059266457270e+00
 -1.2731746305338418e+00
  0.0000000000000000e+00
  0.0000000000000000e+00
  0.0000000000000000e+00
 -2.6227527780099740e+00
  0.0000000000000000e+00
  0.0000000000000000e+00
  0.0000000000000000e+00
  2.6959021865657626e+00
  0.0000000000000000e+00
  3.5523221220000003e+01
  6.5131437249999999e+00
  1.8221429039999999e+00
  6.2595526599999995e-01
  2.4307674700000001e-01
  1.0011242800000000e-01
  3.3687224191381360e-01
  5.0844772341915734e-01
  6.6780623796578220e-01
  6.5884661086837837e-01
  3.6427449067718820e-01
  5.8605587558789397e-02
  1.0278284580000000e+03
  1.8845122259999999e+02
  5.2721860970000002e+01
  1.8111382169999999e+01
  7.0331796910000000e+00
  2.8966517939999998e+00
  4.2026328420222576e+00
  6.3431141974610386e+00
  8.3311833911250677e+00
  8.2194080095564104e+00
  4.5444882289136661e+00
  7.3113108269559501e-01
  3.9198807870000003e+01
  7.7584670710000001e+00
  2.4113257830000001e+00
  9.2772394370000000e-01
  4.0291114099999997e-01
  1.8468365519999999e-01
 -5.2453795942415271e-01
 -5.5190993948045985e-01
 -1.6517170067317294e-01
  5.9763899877313453e-01
  7.6036920962201404e-01
  1.7132612974051209e-01
  3.9198807870000003e+01
  7.7584670710000001e+00
  2.4113257830000001e+00
  9.2772394370000000e-01
  4.0291114099999997e-01
  1.8468365519999999e-01
  1.0757918908899347e+00
  1.4233376078277715e+00
  1.5243886414811885e+00
  1.1103809046439415e+00
  3.9880663628295182e-01
  3.5923309951917483e-02
  7.4273704910000004e+02
  1.3618002490000001e+02
  3.8098263520000003e+01
  1.3087781769999999e+01
  5.0823686480000001e+00
  2.0932000760000000e+00
  3.2938763152186632e+00
  4.9715105764667982e+00
  6.5296895266938231e+00
  6.4420839022626826e+00
  3.5618105856013091e+00
  5.7303491589383715e-01
  3.0497239499999999e+01
  6.0361996009999999e+00
  1.8760463370000000e+00
  7.2178264700000005e-01
  3.1347069540000000e-01
  1.4368655499999999e-01
 -4.3452790903545357e-01
 -4.5720289194560254e-01
 -1.3682844575451164e-01
  4.9508490252822457e-01
  6.2989081489088383e-01
  1.4192678254764798e-01
  3.0497239499999999e+01
  6.0361996009999999e+00
  1.8760463370000000e+00
  7.2178264700000005e-01
  3.1347069540000000e-01
  1.4368655499999999e-01
  7.8607295617142547e-01
  1.0400219694289041e+00
  1.1138591915068656e+00
  8.1134688566368651e-01
  2.9140497720867270e-01
  2.6248889473493540e-02
