  4.7850654047055032e+00
  7.4138035197340790e-01
  0.0000000000000000e+00
  0.0000000000000000e+00
  0.0000000000000000e+00
  1.7149760215075188e-01
  1.7149760215075188e-01
  7.4138035197340801e-01
  1.1189468663424700e+00
  0.0000000000000000e+00
  0.0000000000000000e+00
  0.0000000000000000e+00
  4.0314276722614689e-01
  4.0314276722614689e-01
  0.0000000000000000e+00
  0.0000000000000000e+00
  1.1158138121524266e+00
  0.0000000000000000e+00
  0.0000000000000000e+00
  0.0000000000000000e+00
  0.0000000000000000e+00
  0.0000000000000000e+00
  0.0000000000000000e+00
  0.0000000000000000e+00
  1.1158138121524266e+00
  0.0000000000000000e+00
  2.2461624740295744e-01
 -2.2461624740295744e-01
  0.0000000000000000e+00
  0.0000000000000000e+00
  0.0000000000000000e+00
  0.0000000000000000e+00
  1.1158138121524266e+00
  1.7417402539700932e-01
  1.7417402539700932e-01
  1.7149760215075188e-01
  4.0314276722614689e-01
  0.0000000000000000e+00
  2.2461624740295738e-01
  1.7417402539700921e-01
  5.3164551029116980e-01
  1.6062464969163209e-01
  1.7149760215075188e-01
  4.0314276722614689e-01
  0.0000000000000000e+00
 -2.2461624740295738e-01
  1.7417402539700921e-01
  1.6062464969163207e-01
  5.3164551029116980e-01
  7.4138035197340779e-01
  1.3687338535438831e-01
  0.0000000000000000e+00
  0.0000000000000000e+00
  0.0000000000000000e+00
  3.1380262524547217e-02
  3.1380262524547217e-02
  1.3687338535438834e-01
  2.5663339473097369e-01
  0.0000000000000000e+00
  0.0000000000000000e+00
  0.0000000000000000e+00
  9.3558402576836786e-02
  9.3558402576836786e-02
  0.0000000000000000e+00
  0.0000000000000000e+00
  2.5668398581010293e-01
  0.0000000000000000e+00
  0.0000000000000000e+00
  0.0000000000000000e+00
  0.0000000000000000e+00
  0.0000000000000000e+00
  0.0000000000000000e+00
  0.0000000000000000e+00
  2.5668398581010293e-01
  0.0000000000000000e+00
  5.2819172512020472e-02
 -5.2819172512020472e-02
  0.0000000000000000e+00
  0.0000000000000000e+00
  0.0000000000000000e+00
  0.0000000000000000e+00
  2.5668398581010293e-01
  4.0957535356084568e-02
  4.0957535356084568e-02
  3.1380262524547217e-02
  9.3558402576836786e-02
  0.0000000000000000e+00
  5.2819172512020486e-02
  4.0957535356084568e-02
  1.2538713207499902e-01
  3.7603131804085553e-02
  3.1380262524547217e-02
  9.3558402576836786e-02
  0.0000000000000000e+00
 -5.2819172512020486e-02
  4.0957535356084568e-02
  3.7603131804085553e-02
  1.2538713207499902e-01
  0.0000000000000000e+00
  0.0000000000000000e+00
  2.4477412258099268e-02
  0.0000000000000000e+00
  0.0000000000000000e+00
  0.0000000000000000e+00
  0.0000000000000000e+00
  0.0000000000000000e+00
  0.0000000000000000e+00
  3.7808607416360968e-02
  0.0000000000000000e+00
  0.0000000000000000e+00
  0.0000000000000000e+00
  0.0000000000000000e+00
  2.4477412258099268e-02
  3.7808607416360968e-02
  0.0000000000000000e+00
  0.0000000000000000e+00
  0.0000000000000000e+00
  9.9583834818752770e-03
  9.9583834818752770e-03
  0.0000000000000000e+00
  0.0000000000000000e+00
  0.0000000000000000e+00
  0.0000000000000000e+00
  0.0000000000000000e+00
  0.0000000000000000e+00
 -0.0000000000000000e+00
  0.0000000000000000e+00
  0.0000000000000000e+00
  0.0000000000000000e+00
  0.0000000000000000e+00
  0.0000000000000000e+00
  0.0000000000000000e+00
  0.0000000000000000e+00
  0.0000000000000000e+00
  0.0000000000000000e+00
  9.9583834818752753e-03
  0.0000000000000000e+00
  0.0000000000000000e+00
  0.0000000000000000e+00
  0.0000000000000000e+00
  0.0000000000000000e+00
  0.0000000000000000e+00
  9.9583834818752753e-03
 -0.0000000000000000e+00
  0.0000000000000000e+00
  0.0000000000000000e+00
  0.0000000000000000e+00
  0.0000000000000000e+00
  0.0000000000000000e+00
  0.0000000000000000e+00
  2.4477412258099268e-02
  0.0000000000000000e+00
  1.1404458740247876e-03
 -1.1404458740247876e-03
  0.0000000000000000e+00
  0.0000000000000000e+00
  0.0000000000000000e+00
  3.7808607416360968e-02
  0.0000000000000000e+00
  5.5282340847804664e-03
 -5.5282340847804664e-03
  0.0000000000000000e+00
  0.0000000000000000e+00
  0.0000000000000000e+00
  0.0000000000000000e+00
  0.0000000000000000e+00
  0.0000000000000000e+00
 -0.0000000000000000e+00
  2.4477412258099268e-02
  3.7808607416360968e-02
  0.0000000000000000e+00
  0.0000000000000000e+00
  0.0000000000000000e+00
  1.2704665895222527e-02
  1.2704665895222527e-02
  0.0000000000000000e+00
  0.0000000000000000e+00
  0.0000000000000000e+00
  0.0000000000000000e+00
  0.0000000000000000e+00
  2.1295479215783777e-03
 -2.1295479215783777e-03
  1.1404458740247871e-03
  5.5282340847804673e-03
  0.0000000000000000e+00
  1.2704665895222522e-02
  2.1295479215783777e-03
  9.8933479900750118e-03
 -1.3552527156068805e-20
 -1.1404458740247871e-03
 -5.5282340847804673e-03
 -0.0000000000000000e+00
  1.2704665895222522e-02
 -2.1295479215783777e-03
  1.2874900798265365e-19
 -9.8933479900750118e-03
  0.0000000000000000e+00
  0.0000000000000000e+00
  0.0000000000000000e+00
  0.0000000000000000e+00
  2.4477412258099268e-02
  8.8433517576294498e-04
  8.8433517576294498e-04
  0.0000000000000000e+00
  0.0000000000000000e+00
  0.0000000000000000e+00
  0.0000000000000000e+00
  3.7808607416360968e-02
  4.2867548319235598e-03
  4.2867548319235598e-03
  0.0000000000000000e+00
  0.0000000000000000e+00
  0.0000000000000000e+00
  0.0000000000000000e+00
  0.0000000000000000e+00
  0.0000000000000000e+00
  0.0000000000000000e+00
  0.0000000000000000e+00
  0.0000000000000000e+00
  0.0000000000000000e+00
  0.0000000000000000e+00
  0.0000000000000000e+00
  2.1295479215783777e-03
 -2.1295479215783777e-03
  2.4477412258099268e-02
  3.7808607416360968e-02
  0.0000000000000000e+00
  0.0000000000000000e+00
  0.0000000000000000e+00
  1.1609697392002767e-02
  1.1609697392002767e-02
  8.8433517576294509e-04
  4.2867548319235615e-03
  0.0000000000000000e+00
  2.1295479215783773e-03
  1.1609697392002766e-02
  7.6715921666763980e-03
  2.7387266582381965e-03
  8.8433517576294509e-04
  4.2867548319235615e-03
  0.0000000000000000e+00
 -2.1295479215783773e-03
  1.1609697392002766e-02
  2.7387266582381965e-03
  7.6715921666763980e-03
  1.7149760215075188e-01
  3.1380262524547231e-02
  0.0000000000000000e+00
  1.1404458740247876e-03
  8.8433517576294487e-04
  7.2876675044687787e-03
  7.1749767309419203e-03
  3.1380262524547231e-02
  5.8411020607098886e-02
  0.0000000000000000e+00
  2.1287514894520864e-03
  1.6506963333003618e-03
  2.1841218083353386e-02
  2.1157976896380663e-02
  0.0000000000000000e+00
  0.0000000000000000e+00
  5.8300338038635491e-02
  0.0000000000000000e+00
  0.0000000000000000e+00
  0.0000000000000000e+00
  0.0000000000000000e+00
  1.1404458740247874e-03
  2.1287514894520864e-03
  0.0000000000000000e+00
  5.8512316031084775e-02
  1.6437395187282464e-04
  1.2894396033370066e-02
 -1.1379448659054676e-02
  8.8433517576294530e-04
  1.6506963333003622e-03
  0.0000000000000000e+00
  1.6437395187282464e-04
  5.8427798421395519e-02
  9.9986928290465363e-03
  9.6919050571811736e-03
  7.2876675044687778e-03
  2.1841218083353382e-02
  0.0000000000000000e+00
  1.2894396033370063e-02
  9.9986928290465328e-03
  2.9558088227994959e-02
  8.6891011448292383e-03
  7.1749767309419203e-03
  2.1157976896380666e-02
  0.0000000000000000e+00
 -1.1379448659054677e-02
  9.6919050571811736e-03
  8.6891011448292400e-03
  2.8284618344378603e-02
  1.7149760215075188e-01
  3.1380262524547231e-02
  0.0000000000000000e+00
 -1.1404458740247876e-03
  8.8433517576294487e-04
  7.1749767309419203e-03
  7.2876675044687787e-03
  3.1380262524547231e-02
  5.8411020607098886e-02
  0.0000000000000000e+00
 -2.1287514894520864e-03
  1.6506963333003618e-03
  2.1157976896380663e-02
  2.1841218083353386e-02
  0.0000000000000000e+00
  0.0000000000000000e+00
  5.8300338038635491e-02
 -0.0000000000000000e+00
  0.0000000000000000e+00
  0.0000000000000000e+00
  0.0000000000000000e+00
 -1.1404458740247874e-03
 -2.1287514894520864e-03
 -0.0000000000000000e+00
  5.8512316031084775e-02
 -1.6437395187282464e-04
  1.1379448659054676e-02
 -1.2894396033370066e-02
  8.8433517576294530e-04
  1.6506963333003622e-03
  0.0000000000000000e+00
 -1.6437395187282464e-04
  5.8427798421395519e-02
  9.6919050571811736e-03
  9.9986928290465363e-03
  7.1749767309419203e-03
  2.1157976896380666e-02
  0.0000000000000000e+00
  1.1379448659054677e-02
  9.6919050571811736e-03
  2.8284618344378603e-02
  8.6891011448292383e-03
  7.2876675044687778e-03
  2.1841218083353382e-02
  0.0000000000000000e+00
 -1.2894396033370063e-02
  9.9986928290465328e-03
  8.6891011448292400e-03
  2.9558088227994959e-02
  7.4138035197340790e-01
  1.3687338535438831e-01
  0.0000000000000000e+00
  0.0000000000000000e+00
  0.0000000000000000e+00
  3.1380262524547217e-02
  3.1380262524547217e-02
  1.3687338535438834e-01
  2.5663339473097369e-01
  0.0000000000000000e+00
  0.0000000000000000e+00
  0.0000000000000000e+00
  9.3558402576836799e-02
  9.3558402576836799e-02
  0.0000000000000000e+00
  0.0000000000000000e+00
  2.5668398581010288e-01
  0.0000000000000000e+00
  0.0000000000000000e+00
  0.0000000000000000e+00
  0.0000000000000000e+00
  0.0000000000000000e+00
  0.0000000000000000e+00
  0.0000000000000000e+00
  2.5668398581010288e-01
  0.0000000000000000e+00
  5.2819172512020472e-02
 -5.2819172512020472e-02
  0.0000000000000000e+00
  0.0000000000000000e+00
  0.0000000000000000e+00
  0.0000000000000000e+00
  2.5668398581010288e-01
  4.0957535356084561e-02
  4.0957535356084561e-02
  3.1380262524547224e-02
  9.3558402576836813e-02
  0.0000000000000000e+00
  5.2819172512020479e-02
  4.0957535356084575e-02
  1.2538713207499905e-01
  3.7603131804085553e-02
  3.1380262524547224e-02
  9.3558402576836813e-02
  0.0000000000000000e+00
 -5.2819172512020479e-02
  4.0957535356084575e-02
  3.7603131804085553e-02
  1.2538713207499905e-01
  1.1189468663424704e+00
  2.5663339473097369e-01
  0.0000000000000000e+00
  0.0000000000000000e+00
  0.0000000000000000e+00
  5.8411020607098900e-02
  5.8411020607098900e-02
  2.5663339473097369e-01
  8.1720632152605821e-01
  0.0000000000000000e+00
  0.0000000000000000e+00
  0.0000000000000000e+00
  3.2820546256866528e-01
  3.2820546256866528e-01
  0.0000000000000000e+00
  0.0000000000000000e+00
  8.1702260532091397e-01
  0.0000000000000000e+00
  0.0000000000000000e+00
  0.0000000000000000e+00
  0.0000000000000000e+00
  0.0000000000000000e+00
  0.0000000000000000e+00
  0.0000000000000000e+00
  8.1702260532091397e-01
  0.0000000000000000e+00
  1.9790493314831986e-01
 -1.9790493314831986e-01
  0.0000000000000000e+00
  0.0000000000000000e+00
  0.0000000000000000e+00
  0.0000000000000000e+00
  8.1702260532091397e-01
  1.5346128898026914e-01
  1.5346128898026914e-01
  5.8411020607098893e-02
  3.2820546256866534e-01
  0.0000000000000000e+00
  1.9790493314831989e-01
  1.5346128898026914e-01
  5.0301712819728905e-01
  1.4256179987993847e-01
  5.8411020607098893e-02
  3.2820546256866534e-01
  0.0000000000000000e+00
 -1.9790493314831989e-01
  1.5346128898026914e-01
  1.4256179987993844e-01
  5.0301712819728905e-01
  0.0000000000000000e+00
  0.0000000000000000e+00
  3.7808607416360968e-02
  0.0000000000000000e+00
  0.0000000000000000e+00
  0.0000000000000000e+00
  0.0000000000000000e+00
  0.0000000000000000e+00
  0.0000000000000000e+00
  1.8051839210463205e-01
  0.0000000000000000e+00
  0.0000000000000000e+00
  0.0000000000000000e+00
  0.0000000000000000e+00
  3.7808607416360988e-02
  1.8051839210463208e-01
  0.0000000000000000e+00
  0.0000000000000000e+00
  0.0000000000000000e+00
  5.7352550822734084e-02
  5.7352550822734084e-02
  0.0000000000000000e+00
  0.0000000000000000e+00
  0.0000000000000000e+00
  0.0000000000000000e+00
  0.0000000000000000e+00
  0.0000000000000000e+00
  0.0000000000000000e+00
  0.0000000000000000e+00
  0.0000000000000000e+00
  0.0000000000000000e+00
  0.0000000000000000e+00
  0.0000000000000000e+00
  0.0000000000000000e+00
  0.0000000000000000e+00
  0.0000000000000000e+00
  0.0000000000000000e+00
  5.7352550822734091e-02
  0.0000000000000000e+00
  0.0000000000000000e+00
  0.0000000000000000e+00
  0.0000000000000000e+00
  0.0000000000000000e+00
  0.0000000000000000e+00
  5.7352550822734091e-02
  0.0000000000000000e+00
  0.0000000000000000e+00
  0.0000000000000000e+00
  0.0000000000000000e+00
  0.0000000000000000e+00
  0.0000000000000000e+00
  0.0000000000000000e+00
  3.7808607416360968e-02
  0.0000000000000000e+00
  2.1287514894520868e-03
 -2.1287514894520868e-03
  0.0000000000000000e+00
  0.0000000000000000e+00
  0.0000000000000000e+00
  1.8051839210463205e-01
  0.0000000000000000e+00
  4.1633367156724346e-02
 -4.1633367156724346e-02
  0.0000000000000000e+00
  0.0000000000000000e+00
  0.0000000000000000e+00
  0.0000000000000000e+00
  0.0000000000000000e+00
  0.0000000000000000e+00
  0.0000000000000000e+00
  3.7808607416360988e-02
  1.8051839210463208e-01
  0.0000000000000000e+00
  0.0000000000000000e+00
  0.0000000000000000e+00
  8.1243194756328213e-02
  8.1243194756328213e-02
  0.0000000000000000e+00
  0.0000000000000000e+00
  0.0000000000000000e+00
  0.0000000000000000e+00
  0.0000000000000000e+00
  1.8525505930012908e-02
 -1.8525505930012908e-02
  2.1287514894520864e-03
  4.1633367156724353e-02
  0.0000000000000000e+00
  8.1243194756328199e-02
  1.8525505930012898e-02
  1.0153005969362507e-01
  2.3852447794681098e-18
 -2.1287514894520864e-03
 -4.1633367156724353e-02
  0.0000000000000000e+00
  8.1243194756328199e-02
 -1.8525505930012898e-02
 -1.3010426069826053e-18
 -1.0153005969362507e-01
  0.0000000000000000e+00
  0.0000000000000000e+00
  0.0000000000000000e+00
  0.0000000000000000e+00
  3.7808607416360968e-02
  1.6506963333003620e-03
  1.6506963333003620e-03
  0.0000000000000000e+00
  0.0000000000000000e+00
  0.0000000000000000e+00
  0.0000000000000000e+00
  1.8051839210463205e-01
  3.2283733845438839e-02
  3.2283733845438839e-02
  0.0000000000000000e+00
  0.0000000000000000e+00
  0.0000000000000000e+00
  0.0000000000000000e+00
  0.0000000000000000e+00
  0.0000000000000000e+00
  0.0000000000000000e+00
  0.0000000000000000e+00
  0.0000000000000000e+00
  0.0000000000000000e+00
  0.0000000000000000e+00
  0.0000000000000000e+00
  1.8525505930012908e-02
 -1.8525505930012908e-02
  3.7808607416360988e-02
  1.8051839210463208e-01
  0.0000000000000000e+00
  0.0000000000000000e+00
  0.0000000000000000e+00
  7.1717771405187924e-02
  7.1717771405187924e-02
  1.6506963333003618e-03
  3.2283733845438839e-02
  0.0000000000000000e+00
  1.8525505930012898e-02
  7.1717771405187924e-02
  7.8729385786205919e-02
  2.4242314322331784e-02
  1.6506963333003618e-03
  3.2283733845438839e-02
  0.0000000000000000e+00
 -1.8525505930012898e-02
  7.1717771405187924e-02
  2.4242314322331784e-02
  7.8729385786205919e-02
  4.0314276722614695e-01
  9.3558402576836799e-02
  0.0000000000000000e+00
  5.5282340847804664e-03
  4.2867548319235598e-03
  2.1841218083353386e-02
  2.1157976896380663e-02
  9.3558402576836799e-02
  3.2820546256866528e-01
  0.0000000000000000e+00
  4.1633367156724353e-02
  3.2283733845438832e-02
  1.6105740501561666e-01
  1.3176845795280362e-01
  0.0000000000000000e+00
  0.0000000000000000e+00
  3.2275150936706115e-01
  0.0000000000000000e+00
  0.0000000000000000e+00
  0.0000000000000000e+00
  0.0000000000000000e+00
  5.5282340847804682e-03
  4.1633367156724353e-02
  0.0000000000000000e+00
  3.3277792036489540e-01
  7.7747731251370210e-03
  1.1796239052900380e-01
 -6.6256826579740177e-02
  4.2867548319235589e-03
  3.2283733845438839e-02
  0.0000000000000000e+00
  7.7747731251370210e-03
  3.2878029645352802e-01
  9.1471497015224862e-02
  7.2799640326636175e-02
  2.1841218083353393e-02
  1.6105740501561669e-01
  0.0000000000000000e+00
  1.1796239052900379e-01
  9.1471497015224876e-02
  3.0596549491831021e-01
  6.9080770405027248e-02
  2.1157976896380663e-02
  1.3176845795280362e-01
  0.0000000000000000e+00
 -6.6256826579740150e-02
  7.2799640326636161e-02
  6.9080770405027261e-02
  2.0712426341320794e-01
  4.0314276722614695e-01
  9.3558402576836799e-02
  0.0000000000000000e+00
 -5.5282340847804664e-03
  4.2867548319235598e-03
  2.1157976896380663e-02
  2.1841218083353386e-02
  9.3558402576836799e-02
  3.2820546256866528e-01
  0.0000000000000000e+00
 -4.1633367156724353e-02
  3.2283733845438832e-02
  1.3176845795280362e-01
  1.6105740501561666e-01
  0.0000000000000000e+00
  0.0000000000000000e+00
  3.2275150936706115e-01
  0.0000000000000000e+00
  0.0000000000000000e+00
  0.0000000000000000e+00
  0.0000000000000000e+00
 -5.5282340847804682e-03
 -4.1633367156724353e-02
  0.0000000000000000e+00
  3.3277792036489540e-01
 -7.7747731251370210e-03
  6.6256826579740177e-02
 -1.1796239052900380e-01
  4.2867548319235589e-03
  3.2283733845438839e-02
  0.0000000000000000e+00
 -7.7747731251370210e-03
  3.2878029645352802e-01
  7.2799640326636175e-02
  9.1471497015224862e-02
  2.1157976896380663e-02
  1.3176845795280362e-01
  0.0000000000000000e+00
  6.6256826579740150e-02
  7.2799640326636161e-02
  2.0712426341320794e-01
  6.9080770405027248e-02
  2.1841218083353393e-02
  1.6105740501561669e-01
  0.0000000000000000e+00
 -1.1796239052900379e-01
  9.1471497015224876e-02
  6.9080770405027248e-02
  3.0596549491831021e-01
  0.0000000000000000e+00
  0.0000000000000000e+00
  2.4477412258099268e-02
  0.0000000000000000e+00
  0.0000000000000000e+00
  0.0000000000000000e+00
  0.0000000000000000e+00
  0.0000000000000000e+00
  0.0000000000000000e+00
  3.7808607416360961e-02
  0.0000000000000000e+00
  0.0000000000000000e+00
  0.0000000000000000e+00
  0.0000000000000000e+00
  2.4477412258099275e-02
  3.7808607416360974e-02
  0.0000000000000000e+00
  0.0000000000000000e+00
  0.0000000000000000e+00
  9.9583834818752787e-03
  9.9583834818752787e-03
  0.0000000000000000e+00
  0.0000000000000000e+00
  0.0000000000000000e+00
  0.0000000000000000e+00
  0.0000000000000000e+00
  0.0000000000000000e+00
 -0.0000000000000000e+00
  0.0000000000000000e+00
  0.0000000000000000e+00
  0.0000000000000000e+00
  0.0000000000000000e+00
  0.0000000000000000e+00
  0.0000000000000000e+00
  0.0000000000000000e+00
  0.0000000000000000e+00
  0.0000000000000000e+00
  9.9583834818752753e-03
  0.0000000000000000e+00
  0.0000000000000000e+00
  0.0000000000000000e+00
  0.0000000000000000e+00
  0.0000000000000000e+00
  0.0000000000000000e+00
  9.9583834818752753e-03
 -0.0000000000000000e+00
  0.0000000000000000e+00
  0.0000000000000000e+00
  0.0000000000000000e+00
  0.0000000000000000e+00
  0.0000000000000000e+00
  3.7808607416360974e-02
  0.0000000000000000e+00
  0.0000000000000000e+00
  0.0000000000000000e+00
  0.0000000000000000e+00
  0.0000000000000000e+00
  0.0000000000000000e+00
  1.8051839210463205e-01
  0.0000000000000000e+00
  0.0000000000000000e+00
  0.0000000000000000e+00
  0.0000000000000000e+00
  3.7808607416360988e-02
  1.8051839210463208e-01
  0.0000000000000000e+00
  0.0000000000000000e+00
  0.0000000000000000e+00
  5.7352550822734077e-02
  5.7352550822734077e-02
  0.0000000000000000e+00
  0.0000000000000000e+00
  0.0000000000000000e+00
  0.0000000000000000e+00
  0.0000000000000000e+00
  0.0000000000000000e+00
  0.0000000000000000e+00
  0.0000000000000000e+00
  0.0000000000000000e+00
  0.0000000000000000e+00
  0.0000000000000000e+00
  0.0000000000000000e+00
  0.0000000000000000e+00
  0.0000000000000000e+00
  0.0000000000000000e+00
  0.0000000000000000e+00
  5.7352550822734091e-02
  0.0000000000000000e+00
  0.0000000000000000e+00
  0.0000000000000000e+00
  0.0000000000000000e+00
  0.0000000000000000e+00
  0.0000000000000000e+00
  5.7352550822734091e-02
  0.0000000000000000e+00
  0.0000000000000000e+00
  0.0000000000000000e+00
  0.0000000000000000e+00
  1.1158138121524277e+00
  2.5668398581010293e-01
  0.0000000000000000e+00
  0.0000000000000000e+00
  0.0000000000000000e+00
  5.8300338038635484e-02
  5.8300338038635484e-02
  2.5668398581010293e-01
  8.1702260532091420e-01
  0.0000000000000000e+00
  0.0000000000000000e+00
  0.0000000000000000e+00
  3.2275150936706121e-01
  3.2275150936706121e-01
  0.0000000000000000e+00
  0.0000000000000000e+00
  8.8015909337504539e-01
  0.0000000000000000e+00
  0.0000000000000000e+00
  0.0000000000000000e+00
  0.0000000000000000e+00
  0.0000000000000000e+00
  0.0000000000000000e+00
  0.0000000000000000e+00
  7.8527020313827745e-01
  0.0000000000000000e+00
  1.8885696593222556e-01
 -1.8885696593222556e-01
  0.0000000000000000e+00
  0.0000000000000000e+00
  0.0000000000000000e+00
  0.0000000000000000e+00
  7.8527020313827745e-01
  1.4644522985761740e-01
  1.4644522985761740e-01
  5.8300338038635498e-02
  3.2275150936706121e-01
  0.0000000000000000e+00
  1.8885696593222556e-01
  1.4644522985761738e-01
  4.8252986910623530e-01
  1.3929869378787785e-01
  5.8300338038635498e-02
  3.2275150936706121e-01
  0.0000000000000000e+00
 -1.8885696593222556e-01
  1.4644522985761738e-01
  1.3929869378787788e-01
  4.8252986910623530e-01
  0.0000000000000000e+00
  0.0000000000000000e+00
  0.0000000000000000e+00
  0.0000000000000000e+00
  0.0000000000000000e+00
  0.0000000000000000e+00
 -0.0000000000000000e+00
  0.0000000000000000e+00
  0.0000000000000000e+00
  0.0000000000000000e+00
  0.0000000000000000e+00
  0.0000000000000000e+00
  0.0000000000000000e+00
  0.0000000000000000e+00
  0.0000000000000000e+00
  0.0000000000000000e+00
  0.0000000000000000e+00
  4.7444445118384151e-02
  0.0000000000000000e+00
  8.7251345308758978e-03
 -8.7251345308758978e-03
  0.0000000000000000e+00
  0.0000000000000000e+00
  4.7444445118384151e-02
  0.0000000000000000e+00
  0.0000000000000000e+00
  0.0000000000000000e+00
  0.0000000000000000e+00
  0.0000000000000000e+00
  0.0000000000000000e+00
  0.0000000000000000e+00
  0.0000000000000000e+00
  0.0000000000000000e+00
  0.0000000000000000e+00
 -0.0000000000000000e+00
  0.0000000000000000e+00
  0.0000000000000000e+00
  8.7251345308758978e-03
  0.0000000000000000e+00
  0.0000000000000000e+00
  0.0000000000000000e+00
  0.0000000000000000e+00
 -0.0000000000000000e+00
  0.0000000000000000e+00
 -8.7251345308758978e-03
  0.0000000000000000e+00
 -0.0000000000000000e+00
  0.0000000000000000e+00
 -0.0000000000000000e+00
  0.0000000000000000e+00
  0.0000000000000000e+00
  0.0000000000000000e+00
  0.0000000000000000e+00
  0.0000000000000000e+00
  0.0000000000000000e+00
  0.0000000000000000e+00
  0.0000000000000000e+00
  0.0000000000000000e+00
  0.0000000000000000e+00
  0.0000000000000000e+00
  0.0000000000000000e+00
  0.0000000000000000e+00
  0.0000000000000000e+00
  0.0000000000000000e+00
  0.0000000000000000e+00
  0.0000000000000000e+00
  0.0000000000000000e+00
  4.7444445118384151e-02
  6.7657251910490778e-03
  6.7657251910490778e-03
  0.0000000000000000e+00
  0.0000000000000000e+00
  0.0000000000000000e+00
  0.0000000000000000e+00
  0.0000000000000000e+00
  0.0000000000000000e+00
 -0.0000000000000000e+00
  0.0000000000000000e+00
  0.0000000000000000e+00
  4.7444445118384151e-02
  0.0000000000000000e+00
  0.0000000000000000e+00
  0.0000000000000000e+00
  0.0000000000000000e+00
  0.0000000000000000e+00
  0.0000000000000000e+00
  6.7657251910490795e-03
  0.0000000000000000e+00
  0.0000000000000000e+00
  0.0000000000000000e+00
  0.0000000000000000e+00
  0.0000000000000000e+00
  0.0000000000000000e+00
  6.7657251910490795e-03
 -0.0000000000000000e+00
  0.0000000000000000e+00
  0.0000000000000000e+00
  0.0000000000000000e+00
  0.0000000000000000e+00
  0.0000000000000000e+00
  9.9583834818752770e-03
  0.0000000000000000e+00
  0.0000000000000000e+00
  0.0000000000000000e+00
  0.0000000000000000e+00
  0.0000000000000000e+00
  0.0000000000000000e+00
  5.7352550822734077e-02
  0.0000000000000000e+00
  0.0000000000000000e+00
  0.0000000000000000e+00
  0.0000000000000000e+00
  9.9583834818752787e-03
  5.7352550822734091e-02
  0.0000000000000000e+00
  8.7251345308758978e-03
  6.7657251910490787e-03
  2.3384406798298538e-02
  1.8535644365079519e-02
  0.0000000000000000e+00
  0.0000000000000000e+00
  8.7251345308758978e-03
  0.0000000000000000e+00
  0.0000000000000000e+00
  0.0000000000000000e+00
  0.0000000000000000e+00
  0.0000000000000000e+00
  0.0000000000000000e+00
  6.7657251910490787e-03
  0.0000000000000000e+00
  0.0000000000000000e+00
  0.0000000000000000e+00
  0.0000000000000000e+00
  0.0000000000000000e+00
  0.0000000000000000e+00
  2.3384406798298535e-02
  0.0000000000000000e+00
  0.0000000000000000e+00
  0.0000000000000000e+00
  0.0000000000000000e+00
  0.0000000000000000e+00
  0.0000000000000000e+00
  1.8535644365079516e-02
  0.0000000000000000e+00
  0.0000000000000000e+00
  0.0000000000000000e+00
  0.0000000000000000e+00
  0.0000000000000000e+00
  0.0000000000000000e+00
  9.9583834818752770e-03
 -0.0000000000000000e+00
  0.0000000000000000e+00
  0.0000000000000000e+00
  0.0000000000000000e+00
  0.0000000000000000e+00
  0.0000000000000000e+00
  5.7352550822734077e-02
  0.0000000000000000e+00
  0.0000000000000000e+00
  0.0000000000000000e+00
  0.0000000000000000e+00
  9.9583834818752787e-03
  5.7352550822734091e-02
  0.0000000000000000e+00
 -8.7251345308758978e-03
  6.7657251910490787e-03
  1.8535644365079519e-02
  2.3384406798298538e-02
 -0.0000000000000000e+00
  0.0000000000000000e+00
 -8.7251345308758978e-03
  0.0000000000000000e+00
 -0.0000000000000000e+00
  0.0000000000000000e+00
 -0.0000000000000000e+00
  0.0000000000000000e+00
  0.0000000000000000e+00
  6.7657251910490787e-03
 -0.0000000000000000e+00
  0.0000000000000000e+00
  0.0000000000000000e+00
  0.0000000000000000e+00
  0.0000000000000000e+00
  0.0000000000000000e+00
  1.8535644365079516e-02
  0.0000000000000000e+00
  0.0000000000000000e+00
  0.0000000000000000e+00
  0.0000000000000000e+00
  0.0000000000000000e+00
  0.0000000000000000e+00
  2.3384406798298535e-02
 -0.0000000000000000e+00
  0.0000000000000000e+00
  0.0000000000000000e+00
  0.0000000000000000e+00
  0.0000000000000000e+00
  0.0000000000000000e+00
  0.0000000000000000e+00
  2.4477412258099268e-02
  0.0000000000000000e+00
  1.1404458740247876e-03
 -1.1404458740247876e-03
  0.0000000000000000e+00
  0.0000000000000000e+00
  0.0000000000000000e+00
  3.7808607416360961e-02
  0.0000000000000000e+00
  5.5282340847804673e-03
 -5.5282340847804673e-03
  0.0000000000000000e+00
  0.0000000000000000e+00
  0.0000000000000000e+00
  0.0000000000000000e+00
  0.0000000000000000e+00
  0.0000000000000000e+00
 -0.0000000000000000e+00
  2.4477412258099275e-02
  3.7808607416360974e-02
  0.0000000000000000e+00
  0.0000000000000000e+00
  0.0000000000000000e+00
  1.2704665895222527e-02
  1.2704665895222527e-02
  0.0000000000000000e+00
  0.0000000000000000e+00
  0.0000000000000000e+00
  0.0000000000000000e+00
  0.0000000000000000e+00
  2.1295479215783777e-03
 -2.1295479215783777e-03
  1.1404458740247874e-03
  5.5282340847804673e-03
  0.0000000000000000e+00
  1.2704665895222522e-02
  2.1295479215783773e-03
  9.8933479900750135e-03
 -1.2197274440461925e-19
 -1.1404458740247874e-03
 -5.5282340847804673e-03
 -0.0000000000000000e+00
  1.2704665895222522e-02
 -2.1295479215783773e-03
  1.2874900798265365e-19
 -9.8933479900750135e-03
  0.0000000000000000e+00
  0.0000000000000000e+00
  0.0000000000000000e+00
  3.7808607416360974e-02
  0.0000000000000000e+00
  2.1287514894520864e-03
 -2.1287514894520864e-03
  0.0000000000000000e+00
  0.0000000000000000e+00
  0.0000000000000000e+00
  1.8051839210463205e-01
  0.0000000000000000e+00
  4.1633367156724360e-02
 -4.1633367156724360e-02
  0.0000000000000000e+00
  0.0000000000000000e+00
  0.0000000000000000e+00
  0.0000000000000000e+00
  0.0000000000000000e+00
  0.0000000000000000e+00
  0.0000000000000000e+00
  3.7808607416360988e-02
  1.8051839210463208e-01
  0.0000000000000000e+00
  0.0000000000000000e+00
  0.0000000000000000e+00
  8.1243194756328241e-02
  8.1243194756328241e-02
  0.0000000000000000e+00
  0.0000000000000000e+00
  0.0000000000000000e+00
  0.0000000000000000e+00
  0.0000000000000000e+00
  1.8525505930012912e-02
 -1.8525505930012912e-02
  2.1287514894520868e-03
  4.1633367156724360e-02
  0.0000000000000000e+00
  8.1243194756328185e-02
  1.8525505930012894e-02
  1.0153005969362508e-01
  2.6020852139652106e-18
 -2.1287514894520868e-03
 -4.1633367156724360e-02
  0.0000000000000000e+00
  8.1243194756328185e-02
 -1.8525505930012894e-02
 -1.3010426069826053e-18
 -1.0153005969362508e-01
  0.0000000000000000e+00
  0.0000000000000000e+00
  0.0000000000000000e+00
  0.0000000000000000e+00
  0.0000000000000000e+00
  0.0000000000000000e+00
 -0.0000000000000000e+00
  0.0000000000000000e+00
  0.0000000000000000e+00
  0.0000000000000000e+00
  0.0000000000000000e+00
  0.0000000000000000e+00
  0.0000000000000000e+00
  0.0000000000000000e+00
  0.0000000000000000e+00
  0.0000000000000000e+00
  0.0000000000000000e+00
  4.7444445118384151e-02
  0.0000000000000000e+00
  8.7251345308758978e-03
 -8.7251345308758978e-03
  0.0000000000000000e+00
  0.0000000000000000e+00
  4.7444445118384151e-02
  0.0000000000000000e+00
  0.0000000000000000e+00
  0.0000000000000000e+00
  0.0000000000000000e+00
  0.0000000000000000e+00
  0.0000000000000000e+00
  0.0000000000000000e+00
  0.0000000000000000e+00
  0.0000000000000000e+00
  0.0000000000000000e+00
 -0.0000000000000000e+00
  0.0000000000000000e+00
  0.0000000000000000e+00
  8.7251345308758978e-03
  0.0000000000000000e+00
  0.0000000000000000e+00
  0.0000000000000000e+00
  0.0000000000000000e+00
 -0.0000000000000000e+00
  0.0000000000000000e+00
 -8.7251345308758978e-03
  0.0000000000000000e+00
 -0.0000000000000000e+00
  0.0000000000000000e+00
 -0.0000000000000000e+00
  1.1158138121524277e+00
  2.5668398581010293e-01
  0.0000000000000000e+00
  0.0000000000000000e+00
  0.0000000000000000e+00
  5.8512316031084782e-02
  5.8512316031084782e-02
  2.5668398581010293e-01
  8.1702260532091420e-01
  0.0000000000000000e+00
  0.0000000000000000e+00
  0.0000000000000000e+00
  3.3277792036489545e-01
  3.3277792036489545e-01
  0.0000000000000000e+00
  0.0000000000000000e+00
  7.8527020313827745e-01
  0.0000000000000000e+00
  0.0000000000000000e+00
  0.0000000000000000e+00
  0.0000000000000000e+00
  0.0000000000000000e+00
  0.0000000000000000e+00
  0.0000000000000000e+00
  8.8015909337504539e-01
  0.0000000000000000e+00
  2.1222502694916659e-01
 -2.1222502694916659e-01
  0.0000000000000000e+00
  0.0000000000000000e+00
  0.0000000000000000e+00
  0.0000000000000000e+00
  7.8527020313827745e-01
  1.5103405928654226e-01
  1.5103405928654226e-01
  5.8512316031084789e-02
  3.3277792036489545e-01
  0.0000000000000000e+00
  2.1222502694916659e-01
  1.5103405928654232e-01
  5.2052936446440634e-01
  1.4209840853997593e-01
  5.8512316031084789e-02
  3.3277792036489545e-01
  0.0000000000000000e+00
 -2.1222502694916659e-01
  1.5103405928654232e-01
  1.4209840853997593e-01
  5.2052936446440634e-01
  0.0000000000000000e+00
  0.0000000000000000e+00
  0.0000000000000000e+00
  0.0000000000000000e+00
  0.0000000000000000e+00
  1.6437395187282464e-04
 -1.6437395187282464e-04
  0.0000000000000000e+00
  0.0000000000000000e+00
  0.0000000000000000e+00
  0.0000000000000000e+00
  0.0000000000000000e+00
  7.7747731251370219e-03
 -7.7747731251370219e-03
  0.0000000000000000e+00
  0.0000000000000000e+00
  0.0000000000000000e+00
  0.0000000000000000e+00
  0.0000000000000000e+00
  0.0000000000000000e+00
 -0.0000000000000000e+00
  0.0000000000000000e+00
  0.0000000000000000e+00
  0.0000000000000000e+00
  0.0000000000000000e+00
  4.7444445118384151e-02
  1.1354554619973862e-02
  1.1354554619973862e-02
  0.0000000000000000e+00
  0.0000000000000000e+00
  0.0000000000000000e+00
  4.7444445118384151e-02
  0.0000000000000000e+00
  1.2283447443397497e-02
 -1.2283447443397497e-02
  1.6437395187282467e-04
  7.7747731251370210e-03
  0.0000000000000000e+00
  1.1354554619973860e-02
  1.2283447443397497e-02
  2.9465923084869571e-02
 -2.7105054312137611e-19
 -1.6437395187282467e-04
 -7.7747731251370210e-03
 -0.0000000000000000e+00
  1.1354554619973860e-02
 -1.2283447443397497e-02
  5.9631119486702744e-19
 -2.9465923084869571e-02
  2.2461624740295741e-01
  5.2819172512020479e-02
  0.0000000000000000e+00
  1.2704665895222525e-02
  2.1295479215783777e-03
  1.2894396033370066e-02
  1.1379448659054677e-02
  5.2819172512020472e-02
  1.9790493314831981e-01
  0.0000000000000000e+00
  8.1243194756328227e-02
  1.8525505930012898e-02
  1.1796239052900380e-01
  6.6256826579740150e-02
  0.0000000000000000e+00
  0.0000000000000000e+00
  1.8885696593222556e-01
  0.0000000000000000e+00
  0.0000000000000000e+00
  0.0000000000000000e+00
  0.0000000000000000e+00
  1.2704665895222527e-02
  8.1243194756328213e-02
  0.0000000000000000e+00
  2.1222502694916659e-01
  1.1354554619973867e-02
  1.0882134008503212e-01
 -1.5211875272395037e-02
  2.1295479215783781e-03
  1.8525505930012905e-02
  0.0000000000000000e+00
  1.1354554619973867e-02
  1.9241527884474716e-01
  6.6250303618642842e-02
  3.5749386434473875e-02
  1.2894396033370066e-02
  1.1796239052900381e-01
  0.0000000000000000e+00
  1.0882134008503214e-01
  6.6250303618642828e-02
  2.5601150702596864e-01
  4.3560882190136735e-02
  1.1379448659054677e-02
  6.6256826579740150e-02
  0.0000000000000000e+00
 -1.5211875272395030e-02
  3.5749386434473840e-02
  4.3560882190136721e-02
  9.1349142231304248e-02
 -2.2461624740295741e-01
 -5.2819172512020479e-02
 -0.0000000000000000e+00
  1.2704665895222525e-02
 -2.1295479215783777e-03
 -1.1379448659054677e-02
 -1.2894396033370066e-02
 -5.2819172512020472e-02
 -1.9790493314831981e-01
  0.0000000000000000e+00
  8.1243194756328227e-02
 -1.8525505930012898e-02
 -6.6256826579740150e-02
 -1.1796239052900380e-01
 -0.0000000000000000e+00
  0.0000000000000000e+00
 -1.8885696593222556e-01
  0.0000000000000000e+00
 -0.0000000000000000e+00
  0.0000000000000000e+00
 -0.0000000000000000e+00
  1.2704665895222527e-02
  8.1243194756328213e-02
  0.0000000000000000e+00
 -2.1222502694916659e-01
  1.1354554619973867e-02
 -1.5211875272395037e-02
  1.0882134008503212e-01
 -2.1295479215783781e-03
 -1.8525505930012905e-02
 -0.0000000000000000e+00
  1.1354554619973867e-02
 -1.9241527884474716e-01
 -3.5749386434473875e-02
 -6.6250303618642842e-02
 -1.1379448659054677e-02
 -6.6256826579740150e-02
  0.0000000000000000e+00
 -1.5211875272395030e-02
 -3.5749386434473840e-02
 -9.1349142231304248e-02
 -4.3560882190136728e-02
 -1.2894396033370066e-02
 -1.1796239052900381e-01
 -0.0000000000000000e+00
  1.0882134008503214e-01
 -6.6250303618642828e-02
 -4.3560882190136735e-02
 -2.5601150702596864e-01
  0.0000000000000000e+00
  0.0000000000000000e+00
  0.0000000000000000e+00
  0.0000000000000000e+00
  2.4477412258099268e-02
  8.8433517576294498e-04
  8.8433517576294498e-04
  0.0000000000000000e+00
  0.0000000000000000e+00
  0.0000000000000000e+00
  0.0000000000000000e+00
  3.7808607416360961e-02
  4.2867548319235589e-03
  4.2867548319235589e-03
  0.0000000000000000e+00
  0.0000000000000000e+00
  0.0000000000000000e+00
  0.0000000000000000e+00
  0.0000000000000000e+00
  0.0000000000000000e+00
  0.0000000000000000e+00
  0.0000000000000000e+00
  0.0000000000000000e+00
  0.0000000000000000e+00
  0.0000000000000000e+00
  0.0000000000000000e+00
  2.1295479215783777e-03
 -2.1295479215783777e-03
  2.4477412258099275e-02
  3.7808607416360974e-02
  0.0000000000000000e+00
  0.0000000000000000e+00
  0.0000000000000000e+00
  1.1609697392002767e-02
  1.1609697392002767e-02
  8.8433517576294509e-04
  4.2867548319235598e-03
  0.0000000000000000e+00
  2.1295479215783773e-03
  1.1609697392002767e-02
  7.6715921666763989e-03
  2.7387266582381961e-03
  8.8433517576294509e-04
  4.2867548319235598e-03
  0.0000000000000000e+00
 -2.1295479215783773e-03
  1.1609697392002767e-02
  2.7387266582381961e-03
  7.6715921666763989e-03
  0.0000000000000000e+00
  0.0000000000000000e+00
  0.0000000000000000e+00
  0.0000000000000000e+00
  3.7808607416360974e-02
  1.6506963333003620e-03
  1.6506963333003620e-03
  0.0000000000000000e+00
  0.0000000000000000e+00
  0.0000000000000000e+00
  0.0000000000000000e+00
  1.8051839210463205e-01
  3.2283733845438839e-02
  3.2283733845438839e-02
  0.0000000000000000e+00
  0.0000000000000000e+00
  0.0000000000000000e+00
  0.0000000000000000e+00
  0.0000000000000000e+00
  0.0000000000000000e+00
  0.0000000000000000e+00
  0.0000000000000000e+00
  0.0000000000000000e+00
  0.0000000000000000e+00
  0.0000000000000000e+00
  0.0000000000000000e+00
  1.8525505930012908e-02
 -1.8525505930012908e-02
  3.7808607416360988e-02
  1.8051839210463208e-01
  0.0000000000000000e+00
  0.0000000000000000e+00
  0.0000000000000000e+00
  7.1717771405187938e-02
  7.1717771405187938e-02
  1.6506963333003620e-03
  3.2283733845438832e-02
  0.0000000000000000e+00
  1.8525505930012898e-02
  7.1717771405187924e-02
  7.8729385786205933e-02
  2.4242314322331787e-02
  1.6506963333003620e-03
  3.2283733845438832e-02
  0.0000000000000000e+00
 -1.8525505930012898e-02
  7.1717771405187924e-02
  2.4242314322331784e-02
  7.8729385786205933e-02
  0.0000000000000000e+00
  0.0000000000000000e+00
  0.0000000000000000e+00
  0.0000000000000000e+00
  0.0000000000000000e+00
  0.0000000000000000e+00
  0.0000000000000000e+00
  0.0000000000000000e+00
  0.0000000000000000e+00
  0.0000000000000000e+00
  0.0000000000000000e+00
  0.0000000000000000e+00
  0.0000000000000000e+00
  0.0000000000000000e+00
  0.0000000000000000e+00
  0.0000000000000000e+00
  0.0000000000000000e+00
  0.0000000000000000e+00
  4.7444445118384151e-02
  6.7657251910490778e-03
  6.7657251910490778e-03
  0.0000000000000000e+00
  0.0000000000000000e+00
  0.0000000000000000e+00
  0.0000000000000000e+00
  0.0000000000000000e+00
  0.0000000000000000e+00
 -0.0000000000000000e+00
  0.0000000000000000e+00
  0.0000000000000000e+00
  4.7444445118384151e-02
  0.0000000000000000e+00
  0.0000000000000000e+00
  0.0000000000000000e+00
  0.0000000000000000e+00
  0.0000000000000000e+00
  0.0000000000000000e+00
  6.7657251910490795e-03
  0.0000000000000000e+00
  0.0000000000000000e+00
  0.0000000000000000e+00
  0.0000000000000000e+00
  0.0000000000000000e+00
  0.0000000000000000e+00
  6.7657251910490795e-03
 -0.0000000000000000e+00
  0.0000000000000000e+00
  0.0000000000000000e+00
  0.0000000000000000e+00
  0.0000000000000000e+00
  0.0000000000000000e+00
  0.0000000000000000e+00
  0.0000000000000000e+00
  0.0000000000000000e+00
  1.6437395187282464e-04
 -1.6437395187282464e-04
  0.0000000000000000e+00
  0.0000000000000000e+00
  0.0000000000000000e+00
  0.0000000000000000e+00
  0.0000000000000000e+00
  7.7747731251370219e-03
 -7.7747731251370219e-03
  0.0000000000000000e+00
  0.0000000000000000e+00
  0.0000000000000000e+00
  0.0000000000000000e+00
  0.0000000000000000e+00
  0.0000000000000000e+00
 -0.0000000000000000e+00
  0.0000000000000000e+00
  0.0000000000000000e+00
  0.0000000000000000e+00
  0.0000000000000000e+00
  4.7444445118384151e-02
  1.1354554619973862e-02
  1.1354554619973862e-02
  0.0000000000000000e+00
  0.0000000000000000e+00
  0.0000000000000000e+00
  4.7444445118384151e-02
  0.0000000000000000e+00
  1.2283447443397497e-02
 -1.2283447443397497e-02
  1.6437395187282467e-04
  7.7747731251370210e-03
  0.0000000000000000e+00
  1.1354554619973860e-02
  1.2283447443397497e-02
  2.9465923084869571e-02
 -2.7105054312137611e-19
 -1.6437395187282467e-04
 -7.7747731251370210e-03
 -0.0000000000000000e+00
  1.1354554619973860e-02
 -1.2283447443397497e-02
  5.9631119486702744e-19
 -2.9465923084869571e-02
  1.1158138121524277e+00
  2.5668398581010293e-01
  0.0000000000000000e+00
  0.0000000000000000e+00
  0.0000000000000000e+00
  5.8427798421395533e-02
  5.8427798421395533e-02
  2.5668398581010293e-01
  8.1702260532091420e-01
  0.0000000000000000e+00
  0.0000000000000000e+00
  0.0000000000000000e+00
  3.2878029645352808e-01
  3.2878029645352808e-01
  0.0000000000000000e+00
  0.0000000000000000e+00
  7.8527020313827745e-01
  0.0000000000000000e+00
  0.0000000000000000e+00
  0.0000000000000000e+00
  0.0000000000000000e+00
  0.0000000000000000e+00
  0.0000000000000000e+00
  0.0000000000000000e+00
  7.8527020313827745e-01
  0.0000000000000000e+00
  1.9241527884474718e-01
 -1.9241527884474718e-01
  0.0000000000000000e+00
  0.0000000000000000e+00
  0.0000000000000000e+00
  0.0000000000000000e+00
  8.8015909337504517e-01
  1.6273590042419403e-01
  1.6273590042419403e-01
  5.8427798421395533e-02
  3.2878029645352802e-01
  0.0000000000000000e+00
  1.9241527884474718e-01
  1.6273590042419403e-01
  5.0537860999238904e-01
  1.4613657007671560e-01
  5.8427798421395533e-02
  3.2878029645352802e-01
  0.0000000000000000e+00
 -1.9241527884474718e-01
  1.6273590042419403e-01
  1.4613657007671560e-01
  5.0537860999238904e-01
  1.7417402539700916e-01
  4.0957535356084575e-02
  0.0000000000000000e+00
  2.1295479215783781e-03
  1.1609697392002769e-02
  9.9986928290465345e-03
  9.6919050571811736e-03
  4.0957535356084568e-02
  1.5346128898026912e-01
  0.0000000000000000e+00
  1.8525505930012898e-02
  7.1717771405187924e-02
  9.1471497015224890e-02
  7.2799640326636161e-02
  0.0000000000000000e+00
  0.0000000000000000e+00
  1.4644522985761746e-01
  0.0000000000000000e+00
  0.0000000000000000e+00
  0.0000000000000000e+00
  0.0000000000000000e+00
  2.1295479215783786e-03
  1.8525505930012908e-02
  0.0000000000000000e+00
  1.5103405928654226e-01
  1.2283447443397493e-02
  6.6250303618642856e-02
 -3.5749386434473868e-02
  1.1609697392002771e-02
  7.1717771405187924e-02
  0.0000000000000000e+00
  1.2283447443397493e-02
  1.6273590042419400e-01
  7.4756835099676802e-02
  5.8140387395906025e-02
  9.9986928290465345e-03
  9.1471497015224862e-02
  0.0000000000000000e+00
  6.6250303618642828e-02
  7.4756835099676788e-02
  1.9851883041511709e-01
  4.4102701317718859e-02
  9.6919050571811754e-03
  7.2799640326636175e-02
  0.0000000000000000e+00
 -3.5749386434473868e-02
  5.8140387395906011e-02
  4.4102701317718866e-02
  1.2561198241700153e-01
  1.7417402539700916e-01
  4.0957535356084575e-02
  0.0000000000000000e+00
 -2.1295479215783781e-03
  1.1609697392002769e-02
  9.6919050571811736e-03
  9.9986928290465345e-03
  4.0957535356084568e-02
  1.5346128898026912e-01
  0.0000000000000000e+00
 -1.8525505930012898e-02
  7.1717771405187924e-02
  7.2799640326636161e-02
  9.1471497015224890e-02
  0.0000000000000000e+00
  0.0000000000000000e+00
  1.4644522985761746e-01
 -0.0000000000000000e+00
  0.0000000000000000e+00
  0.0000000000000000e+00
  0.0000000000000000e+00
 -2.1295479215783786e-03
 -1.8525505930012908e-02
 -0.0000000000000000e+00
  1.5103405928654226e-01
 -1.2283447443397493e-02
  3.5749386434473868e-02
 -6.6250303618642856e-02
  1.1609697392002771e-02
  7.1717771405187924e-02
  0.0000000000000000e+00
 -1.2283447443397493e-02
  1.6273590042419400e-01
  5.8140387395906025e-02
  7.4756835099676802e-02
  9.6919050571811754e-03
  7.2799640326636175e-02
  0.0000000000000000e+00
  3.5749386434473868e-02
  5.8140387395906011e-02
  1.2561198241700153e-01
  4.4102701317718859e-02
  9.9986928290465345e-03
  9.1471497015224862e-02
  0.0000000000000000e+00
 -6.6250303618642828e-02
  7.4756835099676788e-02
  4.4102701317718866e-02
  1.9851883041511709e-01
  1.7149760215075188e-01
  3.1380262524547231e-02
  0.0000000000000000e+00
  1.1404458740247876e-03
  8.8433517576294498e-04
  7.2876675044687778e-03
  7.1749767309419211e-03
  3.1380262524547238e-02
  5.8411020607098886e-02
  0.0000000000000000e+00
  2.1287514894520868e-03
  1.6506963333003616e-03
  2.1841218083353386e-02
  2.1157976896380659e-02
  0.0000000000000000e+00
  0.0000000000000000e+00
  5.8300338038635491e-02
  0.0000000000000000e+00
  0.0000000000000000e+00
  0.0000000000000000e+00
  0.0000000000000000e+00
  1.1404458740247871e-03
  2.1287514894520864e-03
  0.0000000000000000e+00
  5.8512316031084768e-02
  1.6437395187282464e-04
  1.2894396033370066e-02
 -1.1379448659054676e-02
  8.8433517576294520e-04
  1.6506963333003625e-03
  0.0000000000000000e+00
  1.6437395187282464e-04
  5.8427798421395526e-02
  9.9986928290465345e-03
  9.6919050571811719e-03
  7.2876675044687778e-03
  2.1841218083353382e-02
  0.0000000000000000e+00
  1.2894396033370063e-02
  9.9986928290465328e-03
  2.9558088227994959e-02
  8.6891011448292383e-03
  7.1749767309419211e-03
  2.1157976896380663e-02
  0.0000000000000000e+00
 -1.1379448659054677e-02
  9.6919050571811719e-03
  8.6891011448292366e-03
  2.8284618344378603e-02
  4.0314276722614695e-01
  9.3558402576836799e-02
  0.0000000000000000e+00
  5.5282340847804673e-03
  4.2867548319235589e-03
  2.1841218083353386e-02
  2.1157976896380663e-02
  9.3558402576836813e-02
  3.2820546256866528e-01
  0.0000000000000000e+00
  4.1633367156724360e-02
  3.2283733845438825e-02
  1.6105740501561666e-01
  1.3176845795280365e-01
  0.0000000000000000e+00
  0.0000000000000000e+00
  3.2275150936706104e-01
  0.0000000000000000e+00
  0.0000000000000000e+00
  0.0000000000000000e+00
  0.0000000000000000e+00
  5.5282340847804673e-03
  4.1633367156724360e-02
  0.0000000000000000e+00
  3.3277792036489540e-01
  7.7747731251370193e-03
  1.1796239052900380e-01
 -6.6256826579740163e-02
  4.2867548319235581e-03
  3.2283733845438839e-02
  0.0000000000000000e+00
  7.7747731251370193e-03
  3.2878029645352808e-01
  9.1471497015224862e-02
  7.2799640326636189e-02
  2.1841218083353386e-02
  1.6105740501561669e-01
  0.0000000000000000e+00
  1.1796239052900380e-01
  9.1471497015224890e-02
  3.0596549491831021e-01
  6.9080770405027248e-02
  2.1157976896380666e-02
  1.3176845795280362e-01
  0.0000000000000000e+00
 -6.6256826579740136e-02
  7.2799640326636175e-02
  6.9080770405027261e-02
  2.0712426341320792e-01
  0.0000000000000000e+00
  0.0000000000000000e+00
  9.9583834818752753e-03
  0.0000000000000000e+00
  0.0000000000000000e+00
  0.0000000000000000e+00
  0.0000000000000000e+00
  0.0000000000000000e+00
  0.0000000000000000e+00
  5.7352550822734071e-02
  0.0000000000000000e+00
  0.0000000000000000e+00
  0.0000000000000000e+00
  0.0000000000000000e+00
  9.9583834818752805e-03
  5.7352550822734084e-02
  0.0000000000000000e+00
  8.7251345308758995e-03
  6.7657251910490787e-03
  2.3384406798298542e-02
  1.8535644365079523e-02
  0.0000000000000000e+00
  0.0000000000000000e+00
  8.7251345308758995e-03
  0.0000000000000000e+00
  0.0000000000000000e+00
  0.0000000000000000e+00
  0.0000000000000000e+00
  0.0000000000000000e+00
  0.0000000000000000e+00
  6.7657251910490787e-03
  0.0000000000000000e+00
  0.0000000000000000e+00
  0.0000000000000000e+00
  0.0000000000000000e+00
  0.0000000000000000e+00
  0.0000000000000000e+00
  2.3384406798298535e-02
  0.0000000000000000e+00
  0.0000000000000000e+00
  0.0000000000000000e+00
  0.0000000000000000e+00
  0.0000000000000000e+00
  0.0000000000000000e+00
  1.8535644365079516e-02
  0.0000000000000000e+00
  0.0000000000000000e+00
  0.0000000000000000e+00
  0.0000000000000000e+00
  2.2461624740295741e-01
  5.2819172512020486e-02
  0.0000000000000000e+00
  1.2704665895222527e-02
  2.1295479215783781e-03
  1.2894396033370066e-02
  1.1379448659054679e-02
  5.2819172512020472e-02
  1.9790493314831978e-01
  0.0000000000000000e+00
  8.1243194756328227e-02
  1.8525505930012901e-02
  1.1796239052900383e-01
  6.6256826579740150e-02
  0.0000000000000000e+00
  0.0000000000000000e+00
  1.8885696593222556e-01
  0.0000000000000000e+00
  0.0000000000000000e+00
  0.0000000000000000e+00
  0.0000000000000000e+00
  1.2704665895222530e-02
  8.1243194756328227e-02
  0.0000000000000000e+00
  2.1222502694916659e-01
  1.1354554619973863e-02
  1.0882134008503212e-01
 -1.5211875272395035e-02
  2.1295479215783786e-03
  1.8525505930012905e-02
  0.0000000000000000e+00
  1.1354554619973863e-02
  1.9241527884474716e-01
  6.6250303618642842e-02
  3.5749386434473861e-02
  1.2894396033370066e-02
  1.1796239052900380e-01
  0.0000000000000000e+00
  1.0882134008503214e-01
  6.6250303618642828e-02
  2.5601150702596864e-01
  4.3560882190136735e-02
  1.1379448659054679e-02
  6.6256826579740150e-02
  0.0000000000000000e+00
 -1.5211875272395026e-02
  3.5749386434473854e-02
  4.3560882190136721e-02
  9.1349142231304248e-02
  1.7417402539700913e-01
  4.0957535356084568e-02
  0.0000000000000000e+00
  2.1295479215783786e-03
  1.1609697392002767e-02
  9.9986928290465345e-03
  9.6919050571811719e-03
  4.0957535356084561e-02
  1.5346128898026909e-01
  0.0000000000000000e+00
  1.8525505930012898e-02
  7.1717771405187952e-02
  9.1471497015224876e-02
  7.2799640326636175e-02
  0.0000000000000000e+00
  0.0000000000000000e+00
  1.4644522985761746e-01
  0.0000000000000000e+00
  0.0000000000000000e+00
  0.0000000000000000e+00
  0.0000000000000000e+00
  2.1295479215783790e-03
  1.8525505930012905e-02
  0.0000000000000000e+00
  1.5103405928654226e-01
  1.2283447443397495e-02
  6.6250303618642842e-02
 -3.5749386434473861e-02
  1.1609697392002769e-02
  7.1717771405187952e-02
  0.0000000000000000e+00
  1.2283447443397495e-02
  1.6273590042419403e-01
  7.4756835099676802e-02
  5.8140387395906018e-02
  9.9986928290465345e-03
  9.1471497015224862e-02
  0.0000000000000000e+00
  6.6250303618642814e-02
  7.4756835099676802e-02
  1.9851883041511711e-01
  4.4102701317718859e-02
  9.6919050571811736e-03
  7.2799640326636175e-02
  0.0000000000000000e+00
 -3.5749386434473854e-02
  5.8140387395906011e-02
  4.4102701317718859e-02
  1.2561198241700153e-01
  5.3164551029116969e-01
  1.2538713207499905e-01
  0.0000000000000000e+00
  9.8933479900750031e-03
  7.6715921666764024e-03
  2.9558088227994959e-02
  2.8284618344378600e-02
  1.2538713207499905e-01
  5.0301712819728905e-01
  0.0000000000000000e+00
  1.0153005969362508e-01
  7.8729385786205960e-02
  3.0596549491831038e-01
  2.0712426341320792e-01
  0.0000000000000000e+00
  0.0000000000000000e+00
  4.8252986910623535e-01
  0.0000000000000000e+00
  0.0000000000000000e+00
  0.0000000000000000e+00
  0.0000000000000000e+00
  9.8933479900750118e-03
  1.0153005969362508e-01
  0.0000000000000000e+00
  5.2052936446440612e-01
  2.9465923084869561e-02
  2.5601150702596870e-01
 -9.1349142231304276e-02
  7.6715921666763989e-03
  7.8729385786205947e-02
  0.0000000000000000e+00
  2.9465923084869561e-02
  5.0537860999238915e-01
  1.9851883041511706e-01
  1.2561198241700150e-01
  2.9558088227994959e-02
  3.0596549491831038e-01
  0.0000000000000000e+00
  2.5601150702596864e-01
  1.9851883041511711e-01
  7.7460594391989779e-01
  1.3441103605110247e-01
  2.8284618344378603e-02
  2.0712426341320792e-01
  0.0000000000000000e+00
 -9.1349142231304234e-02
  1.2561198241700150e-01
  1.3441103605110247e-01
  3.4292483988148742e-01
  1.6062464969163207e-01
  3.7603131804085553e-02
  0.0000000000000000e+00
  1.3552527156068805e-20
  2.7387266582381961e-03
  8.6891011448292348e-03
  8.6891011448292348e-03
  3.7603131804085567e-02
  1.4256179987993847e-01
  0.0000000000000000e+00
  1.3010426069826053e-18
  2.4242314322331773e-02
  6.9080770405027261e-02
  6.9080770405027248e-02
  0.0000000000000000e+00
  0.0000000000000000e+00
  1.3929869378787779e-01
  0.0000000000000000e+00
  0.0000000000000000e+00
  0.0000000000000000e+00
  0.0000000000000000e+00
  1.2197274440461925e-19
  1.3010426069826053e-18
  0.0000000000000000e+00
  1.4209840853997588e-01
  5.4210108624275222e-20
  4.3560882190136749e-02
 -4.3560882190136749e-02
  2.7387266582381965e-03
  2.4242314322331773e-02
  0.0000000000000000e+00
  5.4210108624275222e-20
  1.4613657007671563e-01
  4.4102701317718873e-02
  4.4102701317718866e-02
  8.6891011448292383e-03
  6.9080770405027261e-02
  0.0000000000000000e+00
  4.3560882190136728e-02
  4.4102701317718859e-02
  1.3441103605110244e-01
  3.5842000821326006e-02
  8.6891011448292383e-03
  6.9080770405027248e-02
  0.0000000000000000e+00
 -4.3560882190136728e-02
  4.4102701317718852e-02
  3.5842000821326006e-02
  1.3441103605110244e-01
  1.7149760215075188e-01
  3.1380262524547231e-02
  0.0000000000000000e+00
 -1.1404458740247876e-03
  8.8433517576294498e-04
  7.1749767309419211e-03
  7.2876675044687778e-03
  3.1380262524547238e-02
  5.8411020607098886e-02
  0.0000000000000000e+00
 -2.1287514894520868e-03
  1.6506963333003616e-03
  2.1157976896380659e-02
  2.1841218083353386e-02
  0.0000000000000000e+00
  0.0000000000000000e+00
  5.8300338038635491e-02
 -0.0000000000000000e+00
  0.0000000000000000e+00
  0.0000000000000000e+00
  0.0000000000000000e+00
 -1.1404458740247871e-03
 -2.1287514894520864e-03
 -0.0000000000000000e+00
  5.8512316031084768e-02
 -1.6437395187282464e-04
  1.1379448659054676e-02
 -1.2894396033370066e-02
  8.8433517576294520e-04
  1.6506963333003625e-03
  0.0000000000000000e+00
 -1.6437395187282464e-04
  5.8427798421395526e-02
  9.6919050571811719e-03
  9.9986928290465345e-03
  7.1749767309419211e-03
  2.1157976896380663e-02
  0.0000000000000000e+00
  1.1379448659054677e-02
  9.6919050571811719e-03
  2.8284618344378603e-02
  8.6891011448292366e-03
  7.2876675044687778e-03
  2.1841218083353382e-02
  0.0000000000000000e+00
 -1.2894396033370063e-02
  9.9986928290465328e-03
  8.6891011448292383e-03
  2.9558088227994959e-02
  4.0314276722614695e-01
  9.3558402576836799e-02
  0.0000000000000000e+00
 -5.5282340847804673e-03
  4.2867548319235589e-03
  2.1157976896380663e-02
  2.1841218083353386e-02
  9.3558402576836813e-02
  3.2820546256866528e-01
  0.0000000000000000e+00
 -4.1633367156724360e-02
  3.2283733845438825e-02
  1.3176845795280365e-01
  1.6105740501561666e-01
  0.0000000000000000e+00
  0.0000000000000000e+00
  3.2275150936706104e-01
  0.0000000000000000e+00
  0.0000000000000000e+00
  0.0000000000000000e+00
  0.0000000000000000e+00
 -5.5282340847804673e-03
 -4.1633367156724360e-02
  0.0000000000000000e+00
  3.3277792036489540e-01
 -7.7747731251370193e-03
  6.6256826579740163e-02
 -1.1796239052900380e-01
  4.2867548319235581e-03
  3.2283733845438839e-02
  0.0000000000000000e+00
 -7.7747731251370193e-03
  3.2878029645352808e-01
  7.2799640326636189e-02
  9.1471497015224862e-02
  2.1157976896380666e-02
  1.3176845795280362e-01
  0.0000000000000000e+00
  6.6256826579740136e-02
  7.2799640326636175e-02
  2.0712426341320792e-01
  6.9080770405027248e-02
  2.1841218083353386e-02
  1.6105740501561669e-01
  0.0000000000000000e+00
 -1.1796239052900380e-01
  9.1471497015224890e-02
  6.9080770405027248e-02
  3.0596549491831021e-01
  0.0000000000000000e+00
  0.0000000000000000e+00
  9.9583834818752753e-03
 -0.0000000000000000e+00
  0.0000000000000000e+00
  0.0000000000000000e+00
  0.0000000000000000e+00
  0.0000000000000000e+00
  0.0000000000000000e+00
  5.7352550822734071e-02
  0.0000000000000000e+00
  0.0000000000000000e+00
  0.0000000000000000e+00
  0.0000000000000000e+00
  9.9583834818752805e-03
  5.7352550822734084e-02
  0.0000000000000000e+00
 -8.7251345308758995e-03
  6.7657251910490787e-03
  1.8535644365079523e-02
  2.3384406798298542e-02
 -0.0000000000000000e+00
  0.0000000000000000e+00
 -8.7251345308758995e-03
  0.0000000000000000e+00
 -0.0000000000000000e+00
  0.0000000000000000e+00
 -0.0000000000000000e+00
  0.0000000000000000e+00
  0.0000000000000000e+00
  6.7657251910490787e-03
 -0.0000000000000000e+00
  0.0000000000000000e+00
  0.0000000000000000e+00
  0.0000000000000000e+00
  0.0000000000000000e+00
  0.0000000000000000e+00
  1.8535644365079516e-02
  0.0000000000000000e+00
  0.0000000000000000e+00
  0.0000000000000000e+00
  0.0000000000000000e+00
  0.0000000000000000e+00
  0.0000000000000000e+00
  2.3384406798298535e-02
 -0.0000000000000000e+00
  0.0000000000000000e+00
  0.0000000000000000e+00
  0.0000000000000000e+00
 -2.2461624740295741e-01
 -5.2819172512020486e-02
 -0.0000000000000000e+00
  1.2704665895222527e-02
 -2.1295479215783781e-03
 -1.1379448659054679e-02
 -1.2894396033370066e-02
 -5.2819172512020472e-02
 -1.9790493314831978e-01
  0.0000000000000000e+00
  8.1243194756328227e-02
 -1.8525505930012901e-02
 -6.6256826579740150e-02
 -1.1796239052900383e-01
 -0.0000000000000000e+00
  0.0000000000000000e+00
 -1.8885696593222556e-01
  0.0000000000000000e+00
 -0.0000000000000000e+00
  0.0000000000000000e+00
 -0.0000000000000000e+00
  1.2704665895222530e-02
  8.1243194756328227e-02
  0.0000000000000000e+00
 -2.1222502694916659e-01
  1.1354554619973863e-02
 -1.5211875272395035e-02
  1.0882134008503212e-01
 -2.1295479215783786e-03
 -1.8525505930012905e-02
 -0.0000000000000000e+00
  1.1354554619973863e-02
 -1.9241527884474716e-01
 -3.5749386434473861e-02
 -6.6250303618642842e-02
 -1.1379448659054679e-02
 -6.6256826579740150e-02
  0.0000000000000000e+00
 -1.5211875272395026e-02
 -3.5749386434473854e-02
 -9.1349142231304248e-02
 -4.3560882190136721e-02
 -1.2894396033370066e-02
 -1.1796239052900380e-01
 -0.0000000000000000e+00
  1.0882134008503214e-01
 -6.6250303618642828e-02
 -4.3560882190136735e-02
 -2.5601150702596864e-01
  1.7417402539700913e-01
  4.0957535356084568e-02
  0.0000000000000000e+00
 -2.1295479215783786e-03
  1.1609697392002767e-02
  9.6919050571811719e-03
  9.9986928290465345e-03
  4.0957535356084561e-02
  1.5346128898026909e-01
  0.0000000000000000e+00
 -1.8525505930012898e-02
  7.1717771405187952e-02
  7.2799640326636175e-02
  9.1471497015224876e-02
  0.0000000000000000e+00
  0.0000000000000000e+00
  1.4644522985761746e-01
 -0.0000000000000000e+00
  0.0000000000000000e+00
  0.0000000000000000e+00
  0.0000000000000000e+00
 -2.1295479215783790e-03
 -1.8525505930012905e-02
 -0.0000000000000000e+00
  1.5103405928654226e-01
 -1.2283447443397495e-02
  3.5749386434473861e-02
 -6.6250303618642842e-02
  1.1609697392002769e-02
  7.1717771405187952e-02
  0.0000000000000000e+00
 -1.2283447443397495e-02
  1.6273590042419403e-01
  5.8140387395906018e-02
  7.4756835099676802e-02
  9.6919050571811736e-03
  7.2799640326636175e-02
  0.0000000000000000e+00
  3.5749386434473854e-02
  5.8140387395906011e-02
  1.2561198241700153e-01
  4.4102701317718859e-02
  9.9986928290465345e-03
  9.1471497015224862e-02
  0.0000000000000000e+00
 -6.6250303618642814e-02
  7.4756835099676802e-02
  4.4102701317718859e-02
  1.9851883041511711e-01
  1.6062464969163207e-01
  3.7603131804085560e-02
  0.0000000000000000e+00
  6.0986372202309624e-20
  2.7387266582381961e-03
  8.6891011448292348e-03
  8.6891011448292348e-03
  3.7603131804085574e-02
  1.4256179987993847e-01
  0.0000000000000000e+00
  4.3368086899420177e-19
  2.4242314322331773e-02
  6.9080770405027261e-02
  6.9080770405027248e-02
  0.0000000000000000e+00
  0.0000000000000000e+00
  1.3929869378787779e-01
  0.0000000000000000e+00
  0.0000000000000000e+00
  0.0000000000000000e+00
  0.0000000000000000e+00
  6.0986372202309624e-20
  4.3368086899420177e-19
  0.0000000000000000e+00
  1.4209840853997588e-01
  2.1684043449710089e-19
  4.3560882190136756e-02
 -4.3560882190136749e-02
  2.7387266582381965e-03
  2.4242314322331773e-02
  0.0000000000000000e+00
  2.1684043449710089e-19
  1.4613657007671566e-01
  4.4102701317718866e-02
  4.4102701317718866e-02
  8.6891011448292383e-03
  6.9080770405027261e-02
  0.0000000000000000e+00
  4.3560882190136728e-02
  4.4102701317718859e-02
  1.3441103605110244e-01
  3.5842000821326006e-02
  8.6891011448292383e-03
  6.9080770405027248e-02
  0.0000000000000000e+00
 -4.3560882190136728e-02
  4.4102701317718859e-02
  3.5842000821326006e-02
  1.3441103605110244e-01
  5.3164551029116969e-01
  1.2538713207499905e-01
  0.0000000000000000e+00
 -9.8933479900750031e-03
  7.6715921666764024e-03
  2.8284618344378600e-02
  2.9558088227994959e-02
  1.2538713207499905e-01
  5.0301712819728905e-01
  0.0000000000000000e+00
 -1.0153005969362508e-01
  7.8729385786205960e-02
  2.0712426341320792e-01
  3.0596549491831038e-01
  0.0000000000000000e+00
  0.0000000000000000e+00
  4.8252986910623535e-01
 -0.0000000000000000e+00
  0.0000000000000000e+00
  0.0000000000000000e+00
  0.0000000000000000e+00
 -9.8933479900750118e-03
 -1.0153005969362508e-01
 -0.0000000000000000e+00
  5.2052936446440612e-01
 -2.9465923084869561e-02
  9.1349142231304276e-02
 -2.5601150702596870e-01
  7.6715921666763989e-03
  7.8729385786205947e-02
  0.0000000000000000e+00
 -2.9465923084869561e-02
  5.0537860999238915e-01
  1.2561198241700150e-01
  1.9851883041511706e-01
  2.8284618344378603e-02
  2.0712426341320792e-01
  0.0000000000000000e+00
  9.1349142231304234e-02
  1.2561198241700150e-01
  3.4292483988148742e-01
  1.3441103605110244e-01
  2.9558088227994959e-02
  3.0596549491831038e-01
  0.0000000000000000e+00
 -2.5601150702596864e-01
  1.9851883041511711e-01
  1.3441103605110247e-01
  7.7460594391989779e-01
